  40    0.000    0.000    0.000    0.000    1.000    0.000 
  39    0.028    0.005    0.001    0.000    0.971    0.005 
  38    0.095    0.018    0.001    0.000    0.904    0.018 
  37    0.167    0.043    0.001    0.001    0.832    0.043 
  36    0.230    0.063    0.001    0.000    0.769    0.063 
  35    0.289    0.077    0.000    0.000    0.711    0.077 
  34    0.327    0.097    0.001    0.001    0.671    0.096 
  33    0.345    0.101    0.001    0.000    0.655    0.101 
  32    0.375    0.104    0.002    0.001    0.623    0.103 
  31    0.408    0.114    0.004    0.003    0.588    0.113 
  30    0.428    0.122    0.003    0.002    0.569    0.121 
  29    0.455    0.118    0.001    0.001    0.544    0.117 
  28    0.479    0.117    0.003    0.002    0.517    0.116 
  27    0.530    0.111    0.001    0.001    0.469    0.111 
  26    0.558    0.108    0.003    0.002    0.438    0.107 
  25    0.581    0.103    0.004    0.003    0.415    0.101 
  24    0.575    0.103    0.003    0.002    0.422    0.102 
  23    0.534    0.106    0.003    0.002    0.463    0.104 
  22    0.485    0.106    0.004    0.003    0.510    0.104 
  21    0.436    0.103    0.002    0.002    0.561    0.102 
  20    0.366    0.116    0.006    0.003    0.628    0.115 
  19    0.357    0.098    0.003    0.002    0.640    0.098 
  18    0.392    0.089    0.003    0.002    0.604    0.090 
  17    0.407    0.084    0.010    0.007    0.582    0.082 
  16    0.328    0.088    0.004    0.003    0.668    0.088 
  15    0.285    0.073    0.000    0.000    0.715    0.073 
  14    0.262    0.057    0.005    0.004    0.733    0.056 
  13    0.256    0.058    0.004    0.003    0.739    0.058 
  12    0.301    0.065    0.001    0.001    0.698    0.065 
  11    0.367    0.070    0.001    0.000    0.632    0.070 
  10    0.361    0.077    0.006    0.005    0.633    0.075 
   9    0.370    0.083    0.000    0.000    0.630    0.083 
   8    0.331    0.079    0.000    0.000    0.669    0.079 
   7    0.286    0.085    0.005    0.004    0.709    0.084 
   6    0.264    0.086    0.005    0.004    0.731    0.085 
   5    0.239    0.081    0.002    0.001    0.758    0.081 
   4    0.187    0.069    0.000    0.000    0.812    0.068 
   3    0.130    0.053    0.000    0.000    0.869    0.053 
   2    0.017    0.009    0.002    0.001    0.981    0.008 
   1    0.000    0.000    0.000    0.000    1.000    0.000 
