     1    0.000000    0.000000
     2    0.046023    0.000486
     3    0.069520    0.001535
     4    0.097177    0.002162
     5    0.099104    0.001803
     6    0.136427    0.001107
     7    0.174097    0.001784
     8    0.175939    0.002787
     9    0.117159    0.001196
    10    0.091396    0.000628
    11    0.084245    0.000788
    12    0.058950    0.000848
    13    0.029902    0.000582
    14    0.017912    0.000564
    15    0.008414    0.000330
    16    0.004667    0.000300
    17    0.005251    0.000289
    18    0.005279    0.000233
    19    0.006257    0.000179
    20    0.011178    0.000361
    21    0.014001    0.000449
    22    0.014741    0.000239
    23    0.017035    0.000376
    24    0.022699    0.000517
    25    0.023711    0.000471
    26    0.020948    0.000173
    27    0.019808    0.000298
    28    0.022523    0.000709
    29    0.025161    0.000307
    30    0.027411    0.000305
    31    0.030864    0.000648
    32    0.030648    0.000485
    33    0.035911    0.000269
    34    0.052140    0.000588
    35    0.066191    0.000691
    36    0.048150    0.000665
    37    0.042531    0.000574
    38    0.051300    0.000918
    39    0.062609    0.001018
    40    0.043269    0.000691
    41    0.029274    0.000159
    42    0.028496    0.000509
    43    0.033465    0.000606
    44    0.038520    0.000557
    45    0.030836    0.000385
    46    0.028056    0.000326
    47    0.037255    0.000605
    48    0.055725    0.000978
    49    0.067624    0.000829
    50    0.065965    0.000689
    51    0.056261    0.000576
    52    0.058800    0.000467
    53    0.075969    0.000818
    54    0.088828    0.001387
    55    0.073103    0.001272
    56    0.096407    0.001373
    57    0.132735    0.001984
    58    0.173753    0.003154
    59    0.334127    0.002660
    60    0.524547    0.003514
    61    0.556667    0.002733
    62    0.627335    0.003309
    63    0.631866    0.003173
    64    0.620834    0.003606
    65    0.594939    0.002627
    66    0.560636    0.001116
    67    0.404347    0.002107
    68    0.252450    0.001933
    69    0.173439    0.001597
    70    0.128596    0.001251
    71    0.120534    0.002436
    72    0.150576    0.002174
    73    0.136981    0.001300
    74    0.127842    0.000678
    75    0.146053    0.000718
    76    0.171952    0.000676
    77    0.217379    0.000398
    78    0.200794    0.002177
    79    0.158160    0.000905
    80    0.125211    0.000923
    81    0.112256    0.000973
    82    0.093705    0.001058
    83    0.052476    0.000478
    84    0.017690    0.000281
    85    0.008118    0.000132
    86    0.006963    0.000340
    87    0.007614    0.000295
    88    0.013067    0.000594
    89    0.021924    0.000321
    90    0.032985    0.000450
    91    0.051128    0.000625
    92    0.075043    0.001129
    93    0.099316    0.001535
    94    0.087596    0.001293
    95    0.083689    0.000557
    96    0.093911    0.000912
    97    0.133889    0.001014
    98    0.112975    0.000992
    99    0.061984    0.001170
   100    0.048762    0.001304
   101    0.054081    0.001415
   102    0.070376    0.001282
   103    0.074233    0.001943
   104    0.041020    0.001075
   105    0.025097    0.001001
   106    0.023647    0.000844
   107    0.033293    0.000937
   108    0.028072    0.000361
   109    0.019608    0.000439
   110    0.014535    0.000417
   111    0.011510    0.000336
   112    0.013107    0.000468
   113    0.020846    0.000306
   114    0.031082    0.000464
   115    0.038816    0.000411
   116    0.049040    0.000571
   117    0.058894    0.000655
   118    0.072468    0.000944
   119    0.107518    0.001064
   120    0.107379    0.000867
   121    0.086731    0.000930
   122    0.081354    0.001362
   123    0.100748    0.001394
   124    0.093671    0.000879
   125    0.056405    0.000737
   126    0.048534    0.001040
   127    0.045173    0.000652
   128    0.037069    0.000460
   129    0.031790    0.000328
   130    0.025657    0.000389
   131    0.017399    0.000372
   132    0.014821    0.000579
   133    0.017958    0.000464
   134    0.014133    0.000372
   135    0.010938    0.000246
   136    0.011816    0.000383
   137    0.014803    0.000444
   138    0.016767    0.000200
   139    0.019110    0.000490
   140    0.018924    0.000306
   141    0.018914    0.000170
   142    0.021116    0.000384
   143    0.026091    0.000333
   144    0.024927    0.000470
   145    0.021672    0.000331
   146    0.024079    0.000440
   147    0.013923    0.000216
   148    0.011682    0.000396
   149    0.008210    0.000168
   150    0.009902    0.000356
   151    0.000000    0.000000
