4	0.115
5	0.087
6	0.049
7	0.052
8	0.032
9	-0.018
10	-0.012
11	0.008
12	-0.033
13	-0.105
14	-0.083
15	0.015
17	-0.032
18	0.016
19	0.019
20	-0.085
21	-0.012
22	0.025
23	0.005
24	-0.005
25	0.013
26	-0.057
27	-0.015
28	0.033
29	0.030
30	0.023
31	0.050
32	-0.064
33	-0.203
34	-0.147
35	-0.100
36	-0.085
37	-0.050
38	0.016
39	0.047
40	0.028
41	0.069
42	0.076
43	0.054
44	0.055
45	0.071
46	-0.036
47	-0.150
48	-0.076
49	-0.049
50	-0.000
51	-0.004
52	-0.025
53	-0.131
54	-0.162
55	-0.022
57	0.370
58	0.522
59	0.567
60	0.624
61	0.599
62	0.643
63	0.669
64	0.630
65	0.573
66	0.533
67	0.441
68	0.360
69	0.300
70	0.270
71	0.224
72	0.266
73	0.237
74	0.227
75	0.193
76	0.212
77	0.192
78	0.192
79	0.171
80	0.184
81	0.097
82	0.017
83	-0.008
84	-0.070
86	-0.079
87	-0.092
88	-0.046
89	0.064
90	0.102
91	0.109
92	0.123
93	0.094
94	0.067
95	0.035
96	-0.072
97	-0.093
98	-0.095
100	-0.106
101	-0.030
102	-0.032
103	-0.029
104	-0.062
105	-0.027
106	-0.054
107	-0.063
108	-0.003
109	0.002
110	-0.030
111	-0.023
112	-0.016
113	-0.054
114	0.001
115	0.025
116	-0.019
117	-0.015
118	-0.020
119	-0.106
120	-0.065
121	-0.043
122	-0.064
123	-0.034
124	0.009
125	-0.017
126	0.033
127	0.050
128	0.034
129	0.018
130	0.039
131	-0.056
132	-0.034
133	-0.085
134	-0.053
135	-0.121
136	-0.048
137	-0.078
138	-0.063
139	-0.033
140	0.015
141	0.021
142	0.094
143	0.162
144	0.154
145	0.155
146	0.152
147	0.104
148	0.056
149	0.077
150	0.059
151	0.077
