  40    0.000
  39    0.028
  38    0.095
  37    0.167
  36    0.230
  35    0.289
  34    0.327
  33    0.345
  32    0.375
  31    0.408
  30    0.428
  29    0.455
  28    0.479
  27    0.530
  26    0.558
  25    0.581
  24    0.575
  23    0.534
  22    0.485
  21    0.436
  20    0.366
  19    0.357
  18    0.392
  17    0.407
  16    0.328
  15    0.285
  14    0.262
  13    0.256
  12    0.301
  11    0.367
  10    0.361
   9    0.370
   8    0.331
   7    0.286 
   6    0.264
   5    0.239 
   4    0.187
   3    0.130
   2    0.017
   1    0.000
